normal:
  ref:
    right45: 45.0
    left45: 45.0
    front: 47
    kireme_r: 1.750
    kireme_l: 1.750
    # kireme_r: 2.25
    # kireme_l: 2.25
  expand:
    right45: 60.0 
    left45: 60.0
    right45_2: 50.0 
    left45_2: 50.0
    dist: 30 #dist mod90
  exist:
    right45: 46.5
    left45: 46.5
    # left45: 120.5 #サーキット
    # right45: 48
    # left45: 48
    # front: 65 #80
    front: 82 #80 #前壁があるとき壁制御しない
    kireme_r: 100 #右90壁有無
    kireme_l: 100 #左90壁有無
    right90: 60
    left90: 60
normal2: #壁なし補正時
  ref:
    right45: 59
    left45: 61
    # front: 47
    kireme_r: 90
    kireme_l: 90
  exist:
    right45: 59
    left45: 61
    # right45: 48
    # left45: 48
    front: 0.125 #80
    # kireme_r: 100 #右90壁有無
    # kireme_l: 100 #左90壁有無
    right90: 100
    left90: 100
dia:
  ref:
    right90: 155
    left90: 158
    kireme_r: 160 # dia front over th (not use)
    kireme_l: 160 # dia front over th (not use)
  exist:
    right90: 155 # dia.ref.right90と同じ
    left90: 158 # dia.ref.left90と同じ
search:
  ref:
    # right45: 38
    # left45: 38
    right45: 35
    left45: 35
    right90: 55
    left90: 55
    kireme_r: 0
    kireme_l: 0
  exist:
    front: 135
    right45: 60
    left45: 60

    right90: 55
    left90: 55

    # kireme_r: 1.5 #前壁補正：角度
    # kireme_r: 0.45 #前壁補正：角度
    kireme_l: 1.0 #切れ目しきい値 L

    offset_r: 10 #前壁制御　左右値差　しきい値
    offset_l: 8.5 #前壁制御　duty max値

    # 前壁補正
    front_ctrl_th: 56 #ref
    front_ctrl: 43.5 #前壁補正：距離
    # kireme_r: -0.6  #前壁補正：角度 +が右、-が左
    kireme_r: -0.25  #前壁補正：角度 +が右、-が左
gain:
  # F: [70, 1] # 探索時の壁制御上限
  F: [0.75, 1] # 探索時の壁制御上限
  F2: [2.75, 0.1] # 最短時の壁制御上限, 壁制御のLPF定数
  # F: [0, 1] # 探索時の壁制御上限
  # F2: [0, 0.1] # 最短時の壁制御上限, 壁制御のLPF定数
  F3: [1, 3] # 斜め制御th , 固定値
  F4: [1, 0] # a
 
  # bを大きくすると壁から遠のく
  # Astraea 
  L45: [692.7566394133866, 63.5518633738698] #cov[2.0846241357502655,0.057699398570753506]
  R45: [577.6547793317898, 57.121582597748514] #cov[0.5807210496857749,0.02048422178585763]
  L90_near: [967.6879690071055, 83.96614423023824] #cov[5.965158292183282,0.15919864639279344]
  R90_near: [876.1437551137847, 72.54225303544752] #cov[2.138410543356481,0.06001046496877683]
  L90_mid: [1431.7153033562156, 167.66195490608385] #cov[14.666862559103402,0.5895723501808355]
  R90_mid: [1062.4845397295046, 107.44897078194445] #cov[3.4448599584480153,0.1572961760655401]
  L90_far: [1431.7153033562156, 167.66195490608385] #cov[14.666862559103402,0.5895723501808355]
  R90_far: [1062.4845397295046, 107.44897078194445] #cov[3.4448599584480153,0.1572961760655401]

  # Gray